140
5000
5000
0
0
-1
1
103
0
0
0
0
0
750
-1
1
105
0
0
0
0
750
0
-1
1
106
0
0
0
0
500
500
-1
1
104
0
0
0
0
1300
800
-1
1
104
0
0
0
0
2200
800
-1
1
107
0
0
0
0
3200
300
-1
1
107
0
0
0
0
3200
500
-1
1
107
0
0
0
0
3700
300
-1
1
107
0
0
0
0
3700
500
-1
1
108
0
0
0
0
3450
800
-1
1
109
0
0
0
0
450
1200
-1
1
109
0
0
0
0
450
2200
-1
1
109
0
0
0
0
450
2500
-1
1
110
0
0
0
0
300
3400
-1
1
110
0
0
0
0
900
3400
-1
1
6
3400
2800
4800
4100
3400
2800
-1
1
6
3400
2800
4800
4100
3400
3350
-1
1
6
3400
2800
4800
4100
4150
2800
-1
1
6
3400
2800
4800
4100
4150
3350
-1
1
7
4300
4100
4800
4300
4300
4000
-1
1
7
4300
2600
4800
2800
4300
2600
-1
1
8
600
300
650
325
600
300
-1
1
8
300
600
350
625
300
600
-1
1
8
300
1000
350
1025
300
1000
-1
1
8
600
1300
650
1325
600
1300
-1
1
8
1000
300
1050
325
1000
300
-1
1
8
1300
600
1350
625
1300
600
-1
1
8
1300
1000
1350
1025
1300
1000
-1
1
8
1000
1300
1050
1325
1000
1300
-1
1
8
1400
1900
1450
1925
1400
1900
-1
1
8
1400
3000
1450
3025
1400
3000
-1
1
8
1800
3500
1850
3525
1800
3500
-1
1
8
2100
1900
2150
1925
2100
1900
-1
1
8
2500
1100
2550
1125
2500
1100
-1
1
8
2500
2800
2550
2825
2500
2800
-1
1
8
2600
4300
2650
4325
2600
4300
-1
1
8
3000
3400
3050
3425
3000
3400
-1
1
8
3400
4500
3450
4525
3400
4500
-1
1
8
3600
2100
3650
2125
3600
2100
-1
1
8
4400
2000
4450
2025
4400
2000
-1
1
9
1750
1600
1800
1700
1700
1500
-1
1
9
1750
2500
1800
2600
1700
1500
-1
1
9
1800
4500
1850
4600
1750
4400
-1
1
9
2250
3700
2300
3800
2200
3600
-1
1
9
2950
2000
3000
2100
2900
1900
-1
1
10
620
1630
645
1735
600
1500
-1
1
10
620
1930
645
2035
600
1800
-1
1
10
620
2230
645
2335
600
2100
-1
1
10
620
2530
645
2635
600
2400
-1
1
10
620
2830
645
2935
600
2700
-1
1
10
620
3130
645
3235
600
3000
-1
1
10
1120
1630
1145
1735
1100
1500
-1
1
10
1120
1930
1145
2035
1100
1800
-1
1
10
1120
2230
1145
2335
1100
2100
-1
1
10
1120
2530
1145
2635
1100
2400
-1
1
10
1120
2830
1145
2935
1100
2700
-1
1
10
1120
3130
1145
3235
1100
3000
-1
1
11
400
3500
600
3700
400
3500
-1
1
11
800
3500
1000
3700
800
3500
-1
1
11
1200
3500
1400
3700
1200
3500
-1
1
11
400
3900
600
4100
400
3900
-1
1
11
800
3900
1000
4100
800
3900
-1
1
11
1200
3900
1400
4100
1200
3900
-1
1
12
1550
620
1670
680
1550
620
-1
1
12
1950
620
2070
680
1950
620
-1
1
12
2250
620
2370
680
2250
620
-1
1
12
2650
620
2770
680
2650
620
-1
1
13
1790
600
1810
680
1790
500
-1
1
13
2490
600
2510
680
2490
500
-1
1
14
3300
620
3600
700
3300
500
-1
1
15
4100
600
4300
700
4100
500
-1
1
16
800
850
1000
950
800
750
-1
1
3
0
4900
1000
5000
0
4900
-1
1
3
1000
4900
2000
5000
1000
4900
-1
1
3
2000
4900
3000
5000
2000
4900
-1
1
3
3000
4900
4000
5000
3000
4900
-1
1
3
4000
4900
5000
5000
4000
4900
-1
1
17
-300
0
700
200
-300
-100
-1
1
17
1000
0
2000
200
1000
-100
-1
1
17
2000
0
3000
200
2000
-100
-1
1
17
3000
0
4000
200
3000
-100
-1
1
17
4000
0
5000
200
4000
-100
-1
1
18
0
200
200
700
0
100
-1
1
18
0
1000
200
1500
0
1000
-1
1
18
4800
200
5000
700
4800
100
-1
1
2
0
1500
200
2300
0
1500
-1
1
2
0
2300
200
3100
0
2100
-1
1
2
0
3100
200
3900
0
2900
-1
1
2
0
3900
200
4700
0
3700
-1
1
2
4800
700
5000
1500
4800
600
-1
1
2
4800
1500
5000
2300
4800
1300
-1
1
2
4800
2300
5000
3100
4800
2100
-1
1
2
4800
3100
5000
3900
4800
2900
-1
1
2
4800
3900
5000
4700
4800
3700
-1
1
200
600
-50
1000
0
600
-50
-1
1
200
-50
600
0
1000
-50
600
-1
2
2
-50
4700
5
4900
-50
4700
-1
2
1
4995
4700
5050
4900
4995
4700
-1
3
22
335
3805
385
3855
350
3820
1
-1
3
23
585
4105
635
4155
600
4120
2
-1
3
24
605
3455
655
3505
620
3470
3
-1
3
19
755
3785
805
3835
770
3800
4
-1
3
20
985
3685
1035
3735
1000
3700
5
-1
3
21
1140
4000
1190
4050
1155
4015
6
-1
3
22
1140
4130
1190
4180
1155
4145
7
-1
3
23
1160
3475
1210
3525
1175
3490
8
-1
3
24
1400
3430
1450
3480
1415
3445
9
-1
3
19
1420
3680
1470
3730
1435
3695
10
-1
3
20
450
1000
500
1050
465
1015
11
-1
3
21
550
500
600
550
565
515
12
-1
3
22
700
1300
750
1350
715
1315
13
-1
3
23
750
700
800
750
765
715
14
-1
3
24
750
850
800
900
765
865
15
-1
3
19
900
1000
950
1050
915
1015
16
-1
3
20
900
1150
950
1200
915
1165
17
-1
3
21
980
450
1030
500
995
465
18
-1
3
22
1120
520
1170
570
1135
535
19
-1
3
23
1170
1080
1220
1130
1185
1095
20
-1
3
24
3200
800
3250
850
3215
815
21
-1
3
19
3210
1100
3260
1150
3225
1115
22
-1
3
20
3280
450
3330
500
3295
465
23
-1
3
21
3370
720
3420
770
3385
735
24
-1
3
22
3380
1300
3430
1350
3395
1315
25
-1
3
23
3400
1000
3450
1050
3415
1015
26
-1
3
24
3510
710
3560
760
3525
725
27
-1
3
19
4070
690
4120
740
4085
705
28
-1
3
20
4370
680
4420
730
4385
695
29
-1
3
21
4380
1050
4430
1100
4395
1065
30
-1
3
22
650
2250
700
2300
665
2265
31
-1
3
23
1100
4500
1150
4550
1115
4515
32
-1
3
24
1550
2220
1600
2270
1565
2235
33
-1
3
19
2120
1900
2170
1950
2135
1915
34
-1
3
20
2750
2750
2800
2800
2765
2765
35
-1
3
21
3150
2510
3200
2560
3165
2525
36
-1
3
22
3620
4280
3670
4330
3635
4295
37
-1
3
23
3980
2630
4030
2680
3995
2645
38
-1
3
24
4010
1720
4060
1770
4025
1735
39
-1
3
19
4280
4600
4330
4650
4295
4615
40
-1
1
101
0
0
0
0
0
0