67
3000
4000
0
0
-1
1
25
1500
200
1700
500
1500
200
-1
1
25
1850
320
2050
620
1850
320
-1
1
25
1180
410
1380
710
1180
410
-1
1
25
490
1060
690
1360
490
1060
-1
1
25
720
880
920
1180
880
720
-1
1
25
1250
1090
1450
1390
1250
1090
-1
1
25
1700
970
1900
1270
1700
970
-1
1
25
2080
760
2280
1060
2080
760
-1
1
25
2430
910
2630
1210
2430
910
-1
1
25
1600
1400
1800
1700
1600
1400
-1
1
25
680
1700
880
2000
380
1700
-1
1
25
1170
1700
1370
2000
1170
1700
-1
1
25
1980
1650
2180
1950
1980
1650
-1
1
25
1600
1900
1800
2200
1600
1900
-1
1
25
2490
1530
2690
1830
2490
1530
-1
1
25
620
2220
820
2520
620
2220
-1
1
25
840
1310
1040
1610
840
1310
-1
1
25
1650
2140
1850
2440
1650
2140
-1
1
25
2250
2110
2450
2410
2250
2110
-1
1
25
720
3300
920
3600
720
3300
-1
1
25
1190
2990
1390
3290
1190
2990
-1
1
25
1670
3000
1870
3300
1670
3000
-1
1
26
520
450
720
750
520
450
-1
1
26
650
2800
850
3100
650
2800
-1
1
26
780
120
980
420
780
120
-1
1
26
950
1300
1150
1600
950
1300
-1
1
26
950
2080
1150
2380
950
2080
-1
1
26
1520
730
1720
1030
1980
2390
-1
1
26
1980
2390
2180
2690
1980
2390
