37
1000
700
0
0
-1
3
40
-70
120
70
220
-70
100
-1
3
40
30
170
170
270
30
150
-1
3
39
130
120
270
220
130
100
-1
3
39
230
170
370
270
230
150
-1
3
38
330
120
470
220
330
100
-1
3
38
430
170
570
270
430
150
-1
3
39
530
120
670
220
530
100
-1
3
40
630
170
770
270
630
150
-1
3
38
730
120
870
220
730
100
-1
3
39
830
170
970
270
830
150
-1
3
39
930
120
1070
220
930
100
-1
3
40
-70
320
70
420
-70
300
-1
3
40
30
370
170
470
30
350
-1
3
38
130
320
270
420
130
300
-1
3
39
230
370
370
470
230
350
-1
3
39
330
320
470
420
330
300
-1
3
38
430
370
570
470
430
350
-1
3
38
530
320
670
420
530
300
-1
3
40
630
370
770
470
630
350
-1
3
39
730
320
870
420
730
300
-1
3
38
830
370
970
470
830
350
-1
3
39
930
320
1070
420
930
300
-1
3
40
-70
520
70
620
-70
500
-1
3
40
30
570
170
670
30
550
-1
3
39
130
520
270
620
130
500
-1
3
39
230
570
370
670
230
550
-1
3
38
330
520
470
620
330
500
-1
3
38
430
570
570
670
430
550
-1
3
39
530
520
670
620
530
500
-1
3
40
630
570
770
670
630
550
-1
3
38
730
520
870
620
730
500
-1
3
39
830
570
970
670
830
550
-1
3
39
930
520
1070
620
930
500
-1
3
41
630
550
830
600
630
550
-1
3
41
30
570
230
620
30
570
-1
1
111
0
0
0
0
0
0